0.819 1.4 0.000001
0.839 1.4 0.000002
0.859 1.4 0.000001
0.879 1.4 0.000001
0.899 1.399 0.000001
0.919 1.399 0.000001
0.939 1.399 0.000001
0.959 1.399 0.000001
0.979 1.399 0.000001
0.999 1.399 0.000001
1.019 1.399 0.000001
1.039 1.399 0.000001
1.059 1.399 0.000001
1.079 1.398 0.000001
1.099 1.398 0.000001
1.119 1.398 0.000001
1.139 1.398 0.000001
1.159 1.398 0.000003
1.179 1.398 0.000012
1.199 1.398 0.000003
1.219 1.398 0.000001
1.239 1.398 0
1.259 1.398 0.000001
1.279 1.397 0
1.299 1.397 0
1.319 1.397 0
1.339 1.397 0
1.359 1.397 0.000003
1.379 1.397 0.000006
1.399 1.397 0.000015
1.419 1.397 0.000005
1.439 1.397 0.000003
1.459 1.397 0.000002
1.479 1.396 0.000001
1.499 1.396 0.000002
1.519 1.396 0.000006
1.539 1.396 0.000005
1.559 1.396 0.000004
1.579 1.396 0.000001
1.599 1.396 0.000001
1.619 1.396 0.000001
1.639 1.396 0.000005
1.659 1.396 0.000008
1.679 1.395 0.000021
1.699 1.395 0.000089
1.719 1.395 0.00002
1.739 1.395 0.000095
1.759 1.395 0.000041
1.779 1.395 0.000031
1.799 1.395 0.00001
1.819 1.395 0.000004
1.839 1.395 0.00002
1.859 1.395 0.000012
1.879 1.394 0.000002
1.899 1.394 0.000003
1.919 1.394 0.000004
1.939 1.394 0.000006
1.959 1.394 0.000008
1.979 1.394 0.00001
1.999 1.394 0.00001
2.019 1.394 0.00001
2.039 1.394 0.000009
2.059 1.393 0.000006
2.079 1.393 0.000005
2.099 1.393 0.000006
2.119 1.393 0.000008
2.139 1.393 0.000011
2.159 1.393 0.000022
2.179 1.393 0.000034
2.199 1.392 0.000049
2.219 1.392 0.000083
2.239 1.392 0.000108
2.259 1.392 0.000172
2.279 1.392 0.000356
2.299 1.392 0.000646
2.319 1.392 0.000156
2.339 1.392 0.000105
2.359 1.391 0.000219
2.379 1.392 0.000316
2.399 1.391 0.000231
2.419 1.391 0.000124
2.439 1.391 0.000138
2.459 1.391 0.000264
2.479 1.391 0.00024
2.499 1.391 0.00068