0.35 1.4598069921341 0
0.3535 1.4588882140465 0
0.357 1.4579999339844 0
0.3605 1.4571407807981 0
0.364 1.456309461342 0
0.3675 1.4555047551025 0
0.371 1.4547255092592 0
0.3745 1.4539706341412 0
0.378 1.4532390990409 0
0.3815 1.4525299283528 0
0.385 1.4518421980093 0
0.3885 1.4511750321877 0
0.392 1.4505276002622 0
0.3955 1.4498991139839 0
0.399 1.4492888248654 0
0.4025 1.4486960217558 0
0.406 1.4481200285888 0
0.4095 1.4475602022899 0
0.413 1.4470159308303 0
0.4165 1.4464866314153 0
0.42 1.4459717487967 0
0.4235 1.4454707536991 0
0.427 1.4449831413522 0
0.4305 1.4445084301198 0
0.434 1.4440461602189 0
0.4375 1.4435958925222 0
0.441 1.443157207437 0
0.4445 1.4427297038558 0
0.448 1.4423129981731 0
0.4515 1.4419067233628 0
0.455 1.4415105281135 0
0.4585 1.4411240760158 0
0.462 1.4407470447997 0
0.4655 1.4403791256169 0
0.469 1.4400200223664 0
0.4725 1.4396694510594 0
0.476 1.4393271392216 0
0.4795 1.4389928253297 0
0.483 1.4386662582806 0
0.4865 1.4383471968903 0
0.49 1.4380354094215 0
0.4935 1.4377306731371 0
0.497 1.4374327738786 0
0.5005 1.4371415056679 0
0.504 1.4368566703301 0
0.5075 1.4365780771375 0
0.511 1.4363055424718 0
0.5145 1.4360388895048 0
0.518 1.4357779478956 0
0.5215 1.4355225535038 0
0.525 1.4352725481176 0
0.5285 1.4350277791952 0
0.532 1.4347880996205 0
0.5355 1.4345533674702 0
0.539 1.434323445793 0
0.5425 1.4340982023997 0
0.546 1.4338775096639 0
0.5495 1.4336612443319 0
0.553 1.4334492873425 0
0.5565 1.4332415236551 0
0.56 1.4330378420863 0
0.5635 1.4328381351538 0
0.567 1.4326422989285 0
0.5705 1.4324502328925 0
0.574 1.4322618398048 0
0.5775 1.4320770255722 0
0.581 1.431895699127 0
0.5845 1.4317177723095 0
0.588 1.4315431597566 0
0.5915 1.4313717787946 0
0.595 1.4312035493375 0
0.5985 1.4310383937894 0
0.602 1.4308762369512 0
0.6055 1.4307170059317 0
0.609 1.4305606300623 0
0.6125 1.4304070408151 0
0.616 1.4302561717255 0
0.6195 1.4301079583168 0
0.623 1.4299623380291 0
0.6265 1.4298192501505 0
0.63 1.4296786357516 0
0.6335 1.4295404376223 0
0.637 1.4294046002115 0
0.6405 1.4292710695697 0
0.644 1.4291397932925 0
0.6475 1.4290107204684 0
0.651 1.4288838016269 0
0.6545 1.4287589886897 0
0.658 1.4286362349238 0
0.6615 1.4285154948958 0
0.665 1.4283967244287 0
0.6685 1.4282798805601 0
0.672 1.428164921502 0
0.6755 1.428051806602 0
0.679 1.4279404963068 0
0.6825 1.4278309521256 0
0.686 1.4277231365965 0
0.6895 1.4276170132531 0
0.693 1.4275125465928 0
0.6965 1.4274097020461 0
0.7 1.4273084459471