0.405 2.6820023839302 0
0.4073 2.6778088336658 0
0.4096 2.6737089552228 0
0.4119 2.6696998193501 0
0.4142 2.6657786157209 0
0.4165 2.6619426469738 0
0.4188 2.6581893231084 0
0.4211 2.6545161562118 0
0.4234 2.6509207554944 0
0.4257 2.647400822612 0
0.428 2.6439541472569 0
0.4303 2.640578602999 0
0.4326 2.6372721433609 0
0.4349 2.6340327981112 0
0.4372 2.6308586697628 0
0.4395 2.6277479302622 0
0.4418 2.6246988178584 0
0.4441 2.62170963414 0
0.4464 2.6187787412291 0
0.4487 2.6159045591237 0
0.451 2.6130855631788 0
0.4533 2.6103202817182 0
0.4556 2.607607293768 0
0.4579 2.6049452269064 0
0.4602 2.6023327552217 0
0.4625 2.5997685973718 0
0.4648 2.5972515147411 0
0.4671 2.5947803096871 0
0.4694 2.5923538238729 0
0.4717 2.5899709366807 0
0.474 2.5876305637008 0
0.4763 2.5853316552928 0
0.4786 2.5830731952156 0
0.4809 2.5808541993197 0
0.4832 2.5786737143026 0
0.4855 2.5765308165195 0
0.4878 2.5744246108503 0
0.4901 2.5723542296164 0
0.4924 2.5703188315476 0
0.4947 2.5683176007949 0
0.497 2.5663497459864 0
0.4993 2.5644144993262 0
0.5016 2.5625111157315 0
0.5039 2.5606388720076 0
0.5062 2.5587970660592 0
0.5085 2.556985016134 0
0.5108 2.5552020600999 0
0.5131 2.5534475547522 0
0.5154 2.5517208751491 0
0.5177 2.5500214139763 0
0.52 2.5483485809367 0
0.5223 2.5467018021659 0
0.5246 2.5450805196708 0
0.5269 2.5434841907919 0
0.5292 2.5419122876862 0
0.5315 2.5403642968317 0
0.5338 2.5388397185512 0
0.5361 2.5373380665543 0
0.5384 2.5358588674987 0
0.5407 2.5344016605673 0
0.543 2.5329659970623 0
0.5453 2.5315514400147 0
0.5476 2.5301575638092 0
0.5499 2.5287839538222 0
0.5522 2.5274302060751 0
0.5545 2.5260959268988 0
0.5568 2.5247807326125 0
0.5591 2.5234842492128 0
0.5614 2.5222061120753 0
0.5637 2.5209459656666 0
0.566 2.5197034632673 0
0.5683 2.5184782667043 0
0.5706 2.5172700460932 0
0.5729 2.5160784795898 0
0.5752 2.5149032531505 0
0.5775 2.5137440603012 0
0.5798 2.5126006019139 0
0.5821 2.5114725859914 0
0.5844 2.51035972746 0
0.5867 2.5092617479683 0
0.589 2.5081783756936 0
0.5913 2.5071093451549 0
0.5936 2.5060543970321 0
0.5959 2.505013277991 0
0.5982 2.5039857405147 0
0.6005 2.5029715427408 0
0.6028 2.5019704483027 0
0.6051 2.5009822261781 0
0.6074 2.5000066505407 0
0.6097 2.4990435006178 0
0.612 2.4980925605522 0
0.6143 2.4971536192685 0
0.6166 2.4962264703441 0
0.6189 2.4953109118834 0
0.6212 2.4944067463973 0
0.6235 2.4935137806854 0
0.6258 2.4926318257226 0
0.6281 2.4917606965486 0
0.6304 2.490900212162 0
0.6327 2.4900501954161 0
0.635 2.4892104729194